0.430129208756 0.506344728996 0.583850318182 0.642548002537 0.665883558095 0.67354700537 0.670819591747 0.656186779026 0.612968011719 0.539041516887 0.456870337085 0.410535372016 
0.449207895757 0.519286607056 0.596509409676 0.653122775909 0.673135822033 0.68 0.676669830508 0.663289839381 0.623235303568 0.553127583975 0.469264628331 0.429303863062 
0.490513280493 0.554816026573 0.62374939785 0.666404075124 0.686331366899 0.69 0.686358121604 0.676370171053 0.64366593437 0.584696310765 0.511244173154 0.471149808307 
0.373323177332 0.452126980632 0.538367746544 0.609070149822 0.642908808659 0.653243793933 0.648473924816 0.627987519418 0.573406188301 0.488723262055 0.403088662874 0.353965655289 
0.509282442337 0.572239849694 0.636747650889 0.675900084532 0.69 0.69 0.69 0.68566015711 0.656455172985 0.601579334181 0.532098294668 0.492048908967 
0.50470742482 0.568623155652 0.634258922967 0.675005787359 0.69 0.69 0.69 0.684862031774 0.654059940766 0.598873338878 0.528622757536 0.488741497364 
0.482953926877 0.548967665828 0.618834379992 0.664471972867 0.684330800802 0.687799881792 0.684159703495 0.674153906201 0.639078294934 0.57856737257 0.503093892079 0.463023776541 
0.54 0.6 0.66 0.69 0.69 0.69 0.69 0.69 0.67 0.63 0.56 0.53 
0.35411490144 0.433839513052 0.52426023518 0.598264398818 0.634161744657 0.645042180644 0.641615441519 0.617875441802 0.560347398411 0.47341775588 0.383864654569 0.333261136147 
0.262688767794 0.352810173816 0.451771726863 0.539343897962 0.587307904554 0.599931616052 0.594761608967 0.563481665432 0.494576341226 0.392690387656 0.291790800362 0.240527233459 
0.408440387291 0.488060452195 0.567038434506 0.6308208502 0.65921496147 0.668178476254 0.662918157377 0.647558922509 0.599252372395 0.520202453838 0.438400009294 0.388575339307 
0.438764864029 0.512226975082 0.589939467912 0.646588700601 0.66885586757 0.676672389993 0.673733860572 0.658972636052 0.616968479472 0.545741025617 0.462557096334 0.419133433841 
0.473544102952 0.54189872532 0.612629130975 0.662019195607 0.682113308803 0.685065642039 0.682944455967 0.672210166006 0.635593388435 0.572813208713 0.496155109654 0.455850786371 
0.417421932465 0.497225333828 0.574005603905 0.635322912087 0.663176311631 0.67 0.665547533981 0.652304257014 0.60427524395 0.527531686403 0.447625483401 0.39766579869 
0.47272116768 0.540479811773 0.610612898013 0.661830734452 0.681815326587 0.683838367125 0.681950718131 0.671894722105 0.634297336346 0.571292958526 0.49321301109 0.453327368022 
0.309810526375 0.394362434936 0.493590319558 0.572118863389 0.61482724074 0.626099477651 0.619308702355 0.592394709103 0.53220708465 0.434188910876 0.33596944707 0.284951643223 
0.33750596098 0.417421566611 0.511362359401 0.588050913618 0.62603830735 0.63932726801 0.635193847786 0.607828440498 0.547963436271 0.457435208981 0.36676454561 0.313397429618 
0.310227790709 0.392945145767 0.488467217804 0.569539148546 0.611072062539 0.623651184316 0.618906527895 0.59126598179 0.528959172617 0.433771214243 0.339052971659 0.286704793481 
0.377611846938 0.457499489314 0.544958791708 0.612415792579 0.644898024315 0.65489529395 0.652444503594 0.632436806258 0.577238409729 0.497262954966 0.407491534089 0.35769667654 
0.393216744164 0.472817599459 0.556066480234 0.62164278068 0.652710351096 0.662574520414 0.657273447506 0.638967849054 0.58851643547 0.50818431177 0.423490685935 0.373706005372 
0.388136909351 0.467973917009 0.552614562369 0.617753840863 0.652612634435 0.662665503122 0.655204218514 0.635228226 0.585213464104 0.505234921748 0.418127857178 0.368218518817 
0.44 0.51 0.59 0.65 0.67 0.68 0.67 0.66 0.62 0.55 0.46 0.42 
0.39915569277 0.478407381853 0.560552004929 0.624858471188 0.655446533045 0.665067749537 0.659105296329 0.641559789285 0.592570849654 0.512122631231 0.428691573262 0.379349227524 
0.375149716524 0.454804501731 0.541859240142 0.610449825374 0.644869204228 0.654760942996 0.649784877024 0.629759575509 0.575934691295 0.493884624114 0.404967496262 0.355231670559 
0.44238602182 0.516433987301 0.591550909953 0.648449564878 0.671013464799 0.676205737074 0.673557349132 0.66084888358 0.618414615383 0.547984446794 0.465918357539 0.422131604862 
0.36 0.44 0.53 0.6 0.64 0.65 0.64 0.62 0.57 0.48 0.39 0.34 
0.340834918944 0.421415077647 0.514027112833 0.588539983463 0.626773376507 0.637980562697 0.632936015448 0.608403686606 0.550628749226 0.461774272689 0.370228124952 0.319360027948 
0.436894460789 0.511163795694 0.586903099249 0.645248602125 0.668889125887 0.675057863103 0.671377172204 0.657756787645 0.614135869182 0.542490740208 0.461243139997 0.417160604176 
0.494786060761 0.559322673658 0.626734788677 0.669795809937 0.687582853866 0.688631622604 0.687468391704 0.679412620357 0.646638420424 0.588722872764 0.516155904115 0.476285428877 
0.456192766165 0.525917318104 0.600803196263 0.655301283804 0.675338410909 0.68 0.678943429635 0.66551799054 0.625441399078 0.557752862849 0.476618010686 0.436644294473 
0.35 0.43 0.52 0.6 0.63 0.64 0.64 0.62 0.56 0.47 0.38 0.33 
