0.704595514839 0.669916277918 0.66155740101 0.717833638915 0.714744368509 0.71032062357 0.716737156062 0.741988057306 0.703765115753 0.713166203143 0.751766747085 0.736511163899 
0.535644840607 0.502472559128 0.497663500083 0.55927495473 0.553452451286 0.553532771202 0.639309996094 0.691695498498 0.568300257428 0.501603695338 0.550136006074 0.52767318343 
0.604369364382 0.531387259169 0.493076586351 0.56354216667 0.572314158316 0.595592560901 0.741750227937 0.719542425826 0.67363815921 0.697778742841 0.71546891446 0.710159686484 
0.840464226633 0.805869452613 0.748475502571 0.749874458735 0.758819110945 0.742221369058 0.744257592927 0.763570793385 0.77049039043 0.791693885814 0.843081254905 0.843600107245 
0.618603882893 0.526109112373 0.512948024247 0.521577399927 0.581958328646 0.596928434701 0.702691094472 0.705465407166 0.721963924419 0.769024219488 0.76902387851 0.743399598563 
0.511755857735 0.483937308227 0.522310763304 0.554249833638 0.57896253014 0.586846316151 0.647446034763 0.697470863616 0.710946704802 0.674883834922 0.690910442142 0.661577593559 
0.488832512209 0.485713811359 0.534729419836 0.572935541831 0.557100315804 0.54620828568 0.626274164824 0.678665310204 0.59415785482 0.52018085269 0.561327388868 0.552641486066 
0.671763506626 0.654298642534 0.717627401838 0.744219653179 0.745692625775 0.733242134063 0.765483646486 0.718130311615 0.700848111025 0.728860294118 0.717346938776 0.685456595265 
0.84304836605 0.811999131668 0.78721599675 0.782738946049 0.773779647418 0.753260307541 0.710381690728 0.73860838688 0.778817446715 0.806200111559 0.81587505311 0.837331033146 
0.851425840772 0.860511673386 0.807574631767 0.713772546803 0.701069471769 0.696072393027 0.664197084801 0.671510281264 0.717876925471 0.752097037137 0.798413658757 0.834694615326 
0.759754854032 0.72604770044 0.684901086081 0.748719292455 0.741198912257 0.754938603614 0.716205923728 0.730396927026 0.708468330139 0.722522035272 0.761881724756 0.757512486565 
0.663176307358 0.620911476625 0.586714033918 0.652522357779 0.647033673719 0.66349202556 0.68882752984 0.72022357604 0.655998907049 0.638651006748 0.699590561814 0.686119524974 
0.517683390987 0.485876204862 0.493075978899 0.546889756519 0.574269123085 0.599022607968 0.688658357433 0.710440839201 0.646934165348 0.602541414057 0.640485688063 0.618533974887 
0.753699173369 0.727099193035 0.715065368856 0.741300221824 0.734801967445 0.700831740177 0.688870928699 0.733101938837 0.724209270105 0.752169870304 0.7757101111 0.77658622824 
0.56032457909 0.525252660271 0.50051471057 0.567914442884 0.610059015584 0.61153405741 0.733578741075 0.736540921912 0.694798429278 0.682387616113 0.700058547194 0.688426670605 
0.841521774024 0.841260822271 0.785511807214 0.733374838278 0.726481281586 0.705245012337 0.661999540649 0.684626631193 0.746098474348 0.7691714922 0.77460802051 0.817151762325 
0.852159906709 0.838556641021 0.800335867239 0.760595809056 0.754199764726 0.723813674216 0.673341571486 0.703649653736 0.772454028503 0.795157794135 0.790353713497 0.825804806944 
0.848519496155 0.827002086168 0.797621146491 0.775167593941 0.773682059459 0.746809098672 0.728167956133 0.752175398421 0.792551443313 0.813542644152 0.829974033147 0.837094360874 
0.869381948694 0.827306289719 0.775670611661 0.772685083618 0.785471665596 0.763615113604 0.761576057269 0.762709046088 0.768370168481 0.796699335285 0.866679320416 0.869162767932 
0.806302113289 0.778963026987 0.731950827959 0.72073059594 0.704558636464 0.695878302809 0.716717085452 0.748246272261 0.757461930779 0.793018628726 0.837211307347 0.826891069473 
0.810650232639 0.794348384123 0.77514128775 0.799211724239 0.796054507465 0.785352999937 0.712121873668 0.75609671539 0.774917981915 0.791317295756 0.793050100648 0.798837405779 
0.708894878706 0.667386609071 0.617132867133 0.669796557121 0.688477951636 0.636111111111 0.698648648649 0.725341426404 0.698113207547 0.71948608137 0.75 0.747826086957 
0.770920959094 0.717580572704 0.663113725168 0.699834139014 0.705751906867 0.701765567877 0.699606330966 0.703951497265 0.660501442338 0.676925992955 0.754359163409 0.775717448265 
0.843957902411 0.799893401132 0.751032958181 0.773288806874 0.777598604186 0.751331426083 0.729432321687 0.739303963697 0.759729931198 0.77679558447 0.824869548742 0.843522853803 
0.715549278523 0.665739452729 0.619901017069 0.630920769748 0.618378931618 0.594453329938 0.622494389974 0.645990793979 0.596948909749 0.618000136151 0.708961173994 0.742403619465 
0.869969040248 0.839366515837 0.805084745763 0.790697674419 0.784461152882 0.78904109589 0.698499317872 0.744913928013 0.788256227758 0.815789473684 0.826979472141 0.866666666667 
0.788872464008 0.770565331363 0.73889030505 0.731135814752 0.733082300421 0.73895596699 0.752863570761 0.800201556545 0.832298434734 0.835530883481 0.821138920863 0.785419254293 
0.793473655415 0.758624501701 0.720739343843 0.701828964028 0.714817265742 0.713507841667 0.702204493828 0.70491743047 0.741578103111 0.800931423594 0.838999710092 0.829546031083 
0.802085646648 0.777170588601 0.759877504541 0.744711905498 0.684746558711 0.619661624646 0.589909942446 0.627351978726 0.62076370241 0.665406183625 0.77155987848 0.819374025061 
0.626282778118 0.59532223244 0.546328666585 0.618799536796 0.634234331455 0.600154340775 0.713897115699 0.709905662924 0.649425474021 0.674790069198 0.70426762519 0.701743782553 
0.875796178344 0.835616438356 0.794314381271 0.779411764706 0.753293413174 0.735042735043 0.681701030928 0.713441654357 0.765598650927 0.806100217865 0.838323353293 0.865942028986 
