-7.0853061676
-14.9301185608
-27.6096982956
-29.5407896042
-55.4597625732
-50.9609928131
-44.1969795227
-21.8922710419
-23.0203704834
-13.1120657921
-12.0348258018
-4.60011768341
-6.71496605873
-8.8580789566
-13.0754680634
-22.9523038864
-25.0675621033
-30.0202007294
-28.6299600601
-25.1404304504
-22.2234306335
-15.6493759155
-9.08735656738
-8.43444347382
-5.89839029312
-15.8480052948
-12.8830313683
-19.4022932053
-35.0681438446
-35.8921432495
-34.9913024902
-31.1943979263
-28.1215162277
-12.179898262
-7.02581906319
-6.49670433998
-11.9499731064
-11.7216672897
-14.513215065
-24.3200521469
-39.2439880371
-33.9313468933
-41.4392261505
-41.3167324066
-20.9526453018
-20.5628709793
-8.65632295609
-9.01456165314
-7.88965463638
-16.6810750961
-29.5100469589
-27.1828765869
-24.2765722275
-46.4763355255
-43.0418128967
-23.7556333542
-26.5323600769
-14.2437782288
-11.9363212585
-8.91561460495
-6.8424911499
-9.77621221542
-21.8016433716
-32.6581802368
-31.881603241
-50.4472732544
-32.9532699585
-33.693447113
-24.6720561981
-15.2578725815
-7.18282866478
-5.36758470535
-6.81650686264
-11.0461683273
-16.4201822281
-29.2237014771
-25.151391983
-25.5518894196
-39.4503479004
-32.7309341431
-26.5489006042
-13.7793598175
-8.52127742767
-8.23442769051
-7.55766153336
-14.9225034714
-20.6045541763
-28.9889631271
-32.2136039734
-49.4738769531
-41.2174167633
-25.2136297226
-24.6078968048
-20.4445171356
-7.42709732056
-4.33421826363
-4.27148509026
-16.8516483307
-13.200756073
-22.2808094025
-28.0990066528
-40.5215034485
-46.9482250214
-41.2898349762
-20.4124794006
-24.5699043274
-12.5468292236
-10.0117516518
-9.62843227386
-14.4240784645
-22.4876031876
-31.1104249954
-35.7843780518
-42.7185916901
-45.0007400513
-25.1404895782
-23.3593406677
-16.4413661957
-11.1815810204
-12.6422595978
-11.2246689796
-16.1744837761
-24.2840766907
-24.8642292023
-37.2727584839
-58.4595298767
-43.8840942383
-33.7396144867
-37.9616565704
-18.5820226669
-5.98826813698
-5.55079984665
-6.96612787247
-23.9214363098
-19.6810255051
-33.5197906494
-24.8923902512
-37.3532123566
-42.7742156982
-34.7914466858
-24.6659584045
-21.9030380249
-9.88588523865
-6.90676140785
